$ANSIBLE_VAULT;1.1;AES256
37643165353431303638346663366139626165363237303039376334303930613531623938653837
3263623264303862343762386366346438343762376263640a336362303732306235303939396433
31373434633637666238306463386362363837663639666332663137383939373630353233633066
3235376365306561380a396130653335616339643265353564316335383931386631653335656330
30323161636463656639393834343339366361656661346136623535303339343731616264626335
37643436393739383131643337636538313737363535656635303532326439303934643262653563
37366261356437333938343339643732613065386666346435636665343663363562383033636364
61313139326162333533353565653265623834323863646639373538393934653830356335656130
32313666303435313961306136323166616461383032356363646462373633643733383436653065
63343863356331343039346561336233666435326663333535656338353630346466303531643936
30653430353735323966326638373364376637313765383933633338363231633735663838366130
31343466663937626334333333396165633730303538376166663763633736626663656434623738
35623630373164356138356539326532303362363135616333313337633036346435393133343861
33653934373864646232313734653031643735313232383562323864386338636465353833366535
31366532343334336333376630636231663730396232656232643134326231653037636534383434
34373861323130663465303161656462393439323531333732343763353730363430306463623237
31323139343836626235633562323936613130343865383661666163366232623734653531613638
39623336376464336339633563373038643533643466613163333263373164353362613033373337
66393232373539333261633032643130313366643166323032326434383964653031656266636238
36366263613930376566616163306132653633323737333238656231653661653866383866633933
62366366366332633464343861303438343534643936616238626136393362366562623439333164
61616162663138663537643237363961346461613063313861623766303939323761343732303465
65393935383064633935623531366461636461373936383566653164306235383731343935346566
39623032613831333937373663663931366437663231303961323033613030313334633833383331
37623232326563326462373737313734636664333761336163623532626337653538626337666335
61386463343662663435316439313636653332383562356632613638643430386334396133353637
34373934626630656565313531643836656530616630623562396131363130363231353261363835
32386132316635323437373264316461363035643530366639323134653861633866343737353030
39313964353431636539646166386161626333303335303962383734616331653963323131623866
30343532356162326662663632353039653633623236343336346439636462356130646362666132
616232646533623065646638663638366139
